 +4.6996823749668187319983303E-01
 +4.3575035617980273361382615E-01
 +3.8708581927242241560449543E-01
 +3.1773808463173375260524267E-01
 +2.3944654162337999925291854E-01
 +1.8814140780757715454285517E-01
 +1.4931412120657322484262863E-01
 +1.1867503968593488827831806E-01
 +9.5909812771209634885138939E-02
 +7.9294076138694491451275326E-02
 +6.6717942931261514649676769E-02
 +5.7307476576922686262172135E-02
 +4.9878849285734300211814229E-02
 +4.4216990672605982481968567E-02
 +3.9772714722554551591837679E-02
 +3.6005581581766477050621234E-02
 +3.2884174824092698985467109E-02
 +3.0452630640127428124364073E-02
 +2.8249959134145803674176278E-02
 +2.6365367812668023816957685E-02
 +2.4589436152783420569400974E-02
 +2.2871185026327910810861610E-02
 +2.1346709188509886689910644E-02
 +2.0028166715336873093811221E-02
 +1.8933661722824592782421504E-02
 +1.7953511250856670627973344E-02
 +1.7037578217061619817451756E-02
 +1.6213147715249211222587888E-02
 +1.5491143958152387913318471E-02
 +1.4829945848926948462342956E-02
 +1.4225705628773477676163317E-02
 +1.3624765272494929885249704E-02
 +1.3028482573901786420456084E-02
 +1.2461286515329588267531058E-02
 +1.1915567505626438460364369E-02
 +1.1362051473669615431205671E-02
 +1.0809022372407640910640936E-02
 +1.0348384173456570689353384E-02
 +9.9447745331112166050635537E-03
